[[0.0135708050974656, -0.0977379793607008, 0.125773426549144], [0.00632388475366965, -0.112402358719834, 0.141084256459582]]
0
[[0.0135708050974656, -0.0977379793607008, 0.125773426549144], [0.0220136830091494, -0.085243313145019, 0.100670512117602]]
1
[[0.0135708050974656, -0.0977379793607008, 0.125773426549144], [0.0415617609865876, -0.0830273084357248, 0.11995713910202]]
2
[[0.00632388475366965, -0.112402358719834, 0.141084256459582], [0.0101898432809287, -0.120272047418555, 0.108076064605789]]
3
[[0.00632388475366965, -0.112402358719834, 0.141084256459582], [0.0149250634579188, -0.126746269532708, 0.163286201804947]]
4
[[0.0275457206323872, -0.132768414928263, 0.176756695816728], [0.0355921980231414, -0.110734883171517, 0.152442932597406]]
5
[[0.0275457206323872, -0.132768414928263, 0.176756695816728], [0.0303789469039784, -0.138590049261004, 0.177162991707652]]
6
[[0.0275457206323872, -0.132768414928263, 0.176756695816728], [0.0244376225866799, -0.133198186353538, 0.175871828662706]]
7
[[0.0355921980231414, -0.110734883171517, 0.152442932597406], [0.0498352355980135, -0.147785192049747, 0.159625639709746]]
8
[[0.0355921980231414, -0.110734883171517, 0.152442932597406], [0.0422628401226764, -0.0831795209578228, 0.120473577174947]]
9
[[0.0498352355980135, -0.147785192049747, 0.159625639709746], [0.0551216003534497, -0.148952607854076, 0.152390470469311]]
10
[[0.0498352355980135, -0.147785192049747, 0.159625639709746], [0.0361634861880245, -0.145579068158815, 0.17475888050526]]
11
[[0.0101898432809287, -0.120272047418555, 0.108076064605789], [0.022265740401164, -0.0931213649762461, 0.0868601110326932]]
12
[[0.0101898432809287, -0.120272047418555, 0.108076064605789], [0.0300822368720184, -0.154226667437905, 0.135831829788578]]
13
[[0.0220136830091494, -0.085243313145019, 0.100670512117602], [0.022265740401164, -0.0931213649762461, 0.0868601110326932]]
14
[[0.0220136830091494, -0.085243313145019, 0.100670512117602], [0.0392202158842564, -0.0828014516051102, 0.116223256122365]]
15
[[0.022265740401164, -0.0931213649762461, 0.0868601110326932], [0.0612664218939881, -0.102484410099572, 0.0956852235410083]]
16
[[0.0551216003534497, -0.148952607854076, 0.152390470469311], [0.059659534019523, -0.152401473378798, 0.135410994320543]]
17
[[0.0551216003534497, -0.148952607854076, 0.152390470469311], [0.0677337514707653, -0.148252988477893, 0.132387021598779]]
18
[[0.059659534019523, -0.152401473378798, 0.135410994320543], [0.0677337514707653, -0.148252988477893, 0.132387021598779]]
19
[[0.059659534019523, -0.152401473378798, 0.135410994320543], [0.030731708516516, -0.154803591269794, 0.136314315406387]]
20
[[0.0677337514707653, -0.148252988477893, 0.132387021598779], [0.0677844926883954, -0.140375992326164, 0.126111139298865]]
21
[[0.0614273563609009, -0.0984569275650782, 0.102934477807094], [0.0677844926883954, -0.140375992326164, 0.126111139298865]]
22
[[0.0614273563609009, -0.0984569275650782, 0.102934477807094], [0.0612664218939881, -0.102484410099572, 0.0956852235410083]]
23
[[0.0614273563609009, -0.0984569275650782, 0.102934477807094], [0.0453377796120017, -0.0846679313261824, 0.116901869881895]]
24
[[0.0677844926883954, -0.140375992326164, 0.126111139298865], [0.0612664218939881, -0.102484410099572, 0.0956852235410083]]
25
[[0.0415617609865876, -0.0830273084357248, 0.11995713910202], [0.0422628401226764, -0.0831795209578228, 0.120473577174947]]
26
[[0.0415617609865876, -0.0830273084357248, 0.11995713910202], [0.0392202158842564, -0.0828014516051102, 0.116223256122365]]
27
[[0.0422628401226764, -0.0831795209578228, 0.120473577174947], [0.0453377796120017, -0.0846679313261824, 0.116901869881895]]
28
[[0.0392202158842564, -0.0828014516051102, 0.116223256122365], [0.0453377796120017, -0.0846679313261824, 0.116901869881895]]
29
[[0.0303789469039784, -0.138590049261004, 0.177162991707652], [0.0361634861880245, -0.145579068158815, 0.17475888050526]]
30
[[0.0303789469039784, -0.138590049261004, 0.177162991707652], [0.0259081840855046, -0.134790307169617, 0.176174815749663]]
31
[[0.0361634861880245, -0.145579068158815, 0.17475888050526], [0.0342215636950445, -0.147153497484842, 0.16859979618443]]
32
[[0.0342215636950445, -0.147153497484842, 0.16859979618443], [0.030731708516516, -0.154803591269794, 0.136314315406387]]
33
[[0.0342215636950445, -0.147153497484842, 0.16859979618443], [0.0259081840855046, -0.134790307169617, 0.176174815749663]]
34
[[0.030731708516516, -0.154803591269794, 0.136314315406387], [0.0300822368720184, -0.154226667437905, 0.135831829788578]]
35
[[0.0300822368720184, -0.154226667437905, 0.135831829788578], [0.0149250634579188, -0.126746269532708, 0.163286201804947]]
36
[[0.0149250634579188, -0.126746269532708, 0.163286201804947], [0.0244376225866799, -0.133198186353538, 0.175871828662706]]
37
[[0.0244376225866799, -0.133198186353538, 0.175871828662706], [0.0259081840855046, -0.134790307169617, 0.176174815749663]]
38
[[0.0135708050974656, -0.0977379793607008, 0.125773426549144], [0.00632388475366965, -0.112402358719834, 0.141084256459582]]
39
yes
0
[[0.0135708050974656, -0.0977379793607008, 0.125773426549144], [0.0415617609865876, -0.0830273084357248, 0.11995713910202]]
40
yes
2
[[0.0135708050974656, -0.0977379793607008, 0.125773426549144], [-0.00994475694770359, -0.0994953067256949, 0.159545681831299]]
41
[[0.00632388475366965, -0.112402358719834, 0.141084256459582], [-0.00940910406702788, -0.113296050137281, 0.163581526330852]]
42
[[0.00632388475366965, -0.112402358719834, 0.141084256459582], [0.0149250634579188, -0.126746269532708, 0.163286201804947]]
43
yes
4
[[0.0275457206323872, -0.132768414928263, 0.176756695816728], [0.0355921980231414, -0.110734883171517, 0.152442932597406]]
44
yes
5
[[0.0275457206323872, -0.132768414928263, 0.176756695816728], [0.0345078687777206, -0.126184769793502, 0.182099377112077]]
45
[[0.0275457206323872, -0.132768414928263, 0.176756695816728], [0.0244376225866799, -0.133198186353538, 0.175871828662706]]
46
yes
7
[[0.0509283570914826, -0.0843842682873485, 0.139168602944072], [0.0355921980231414, -0.110734883171517, 0.152442932597406]]
47
[[0.0509283570914826, -0.0843842682873485, 0.139168602944072], [0.0545173644925804, -0.0860757130054084, 0.152671449861104]]
48
[[0.0509283570914826, -0.0843842682873485, 0.139168602944072], [0.0474722761900574, -0.0814977828174913, 0.127796266370447]]
49
[[0.0355921980231414, -0.110734883171517, 0.152442932597406], [0.0422628401226764, -0.0831795209578228, 0.120473577174947]]
50
yes
9
[[0.0545173644925804, -0.0860757130054084, 0.152671449861104], [0.0402404080856528, -0.119092070569708, 0.182964817410673]]
51
[[0.0545173644925804, -0.0860757130054084, 0.152671449861104], [0.055754900784939, -0.0834682432991228, 0.161463675974395]]
52
[[-0.00940910406702788, -0.113296050137281, 0.163581526330852], [-0.0132415731316962, -0.103771787654262, 0.165679599277188]]
53
[[-0.00940910406702788, -0.113296050137281, 0.163581526330852], [0.00114860585660563, -0.121701532958562, 0.169431167132367]]
54
[[0.0462621968738869, -0.074657549528499, 0.135054948338755], [0.0473659061708842, -0.0752430741601421, 0.135439383604638]]
55
[[0.0462621968738869, -0.074657549528499, 0.135054948338755], [0.0415617609865876, -0.0830273084357248, 0.11995713910202]]
56
[[0.0462621968738869, -0.074657549528499, 0.135054948338755], [0.0443492476743667, -0.0724985014557259, 0.144074652996712]]
57
[[0.0473659061708842, -0.0752430741601421, 0.135439383604638], [0.0474722761900574, -0.0814977828174913, 0.127796266370447]]
58
[[0.0473659061708842, -0.0752430741601421, 0.135439383604638], [0.0484389002095109, -0.0753128101667409, 0.140041430417866]]
59
[[0.0474722761900574, -0.0814977828174913, 0.127796266370447], [0.0422628401226764, -0.0831795209578228, 0.120473577174947]]
60
[[0.0415617609865876, -0.0830273084357248, 0.11995713910202], [0.0422628401226764, -0.0831795209578228, 0.120473577174947]]
61
yes
26
[[-0.00994475694770359, -0.0994953067256949, 0.159545681831299], [-0.0132415731316962, -0.103771787654262, 0.165679599277188]]
62
[[-0.00994475694770359, -0.0994953067256949, 0.159545681831299], [0.0307926422846301, -0.0660499485452828, 0.183875328899896]]
63
[[-0.0132415731316962, -0.103771787654262, 0.165679599277188], [0.0015195588731848, -0.0942209978242421, 0.187751161635058]]
64
[[0.0345078687777206, -0.126184769793502, 0.182099377112077], [0.0402404080856528, -0.119092070569708, 0.182964817410673]]
65
[[0.0345078687777206, -0.126184769793502, 0.182099377112077], [0.0105429209022024, -0.113888490360441, 0.184609319229952]]
66
[[0.0402404080856528, -0.119092070569708, 0.182964817410673], [0.0550202304526501, -0.0857104074814569, 0.187401296522683]]
67
[[0.0105429209022024, -0.113888490360441, 0.184609319229952], [0.0015195588731848, -0.0942209978242421, 0.187751161635058]]
68
[[0.0105429209022024, -0.113888490360441, 0.184609319229952], [0.011392995633528, -0.127528154409664, 0.176626371288082]]
69
[[0.0015195588731848, -0.0942209978242421, 0.187751161635058], [0.0311331079105242, -0.0670792307085245, 0.190834360784421]]
70
[[0.0443492476743667, -0.0724985014557259, 0.144074652996712], [0.0307926422846301, -0.0660499485452828, 0.183875328899896]]
71
[[0.0443492476743667, -0.0724985014557259, 0.144074652996712], [0.0484389002095109, -0.0753128101667409, 0.140041430417866]]
72
[[0.0307926422846301, -0.0660499485452828, 0.183875328899896], [0.0311331079105242, -0.0670792307085245, 0.190834360784421]]
73
[[0.0484389002095109, -0.0753128101667409, 0.140041430417866], [0.055754900784939, -0.0834682432991228, 0.161463675974395]]
74
[[0.0311331079105242, -0.0670792307085245, 0.190834360784421], [0.0550202304526501, -0.0857104074814569, 0.187401296522683]]
75
[[0.055754900784939, -0.0834682432991228, 0.161463675974395], [0.0550202304526501, -0.0857104074814569, 0.187401296522683]]
76
[[0.0149250634579188, -0.126746269532708, 0.163286201804947], [0.00114860585660563, -0.121701532958562, 0.169431167132367]]
77
[[0.0149250634579188, -0.126746269532708, 0.163286201804947], [0.0244376225866799, -0.133198186353538, 0.175871828662706]]
78
yes
37
[[0.00114860585660563, -0.121701532958562, 0.169431167132367], [0.011392995633528, -0.127528154409664, 0.176626371288082]]
79
[[0.0244376225866799, -0.133198186353538, 0.175871828662706], [0.011392995633528, -0.127528154409664, 0.176626371288082]]
80
81